[OBJECTS]
# type	x	y	ani_set_id	extra_settings per object type
# type: 0 = Simon , 1 = Brick, 2 = Candle, 3= Whip, 4= Items_BigHeart, 5 = Items_Chain, 6 = Items_Dagger, 7 = Dagger

# SIMON
0	50	100	0

# CANDLE
#extra_settings = Item Object ID
2	100	136	2	4	0
2	210	136	2	5	0
2	330	136	2	5	0
2	450	136	2	4	0
2	570	136	2	6	0

# ITEMS
#BigHeart
4	100	136	41
#Chain
5	210	136	42
5	330	136	42
#Dagger
6	570	136	43

#DAGGER
7	46	100	44

# BRICK 
# --- platform (hint: I created the list using Excel!) ----
1	0	170	1
1	16	170	1
1	32	170	1
1	48	170	1
1	64	170	1
1	80	170	1
1	96	170	1
1	112	170	1
1	128	170	1
1	144	170	1
1	160	170	1
1	176	170	1
1	192	170	1
1	208	170	1
1	224	170	1
1	240	170	1
1	256	170	1
1	272	170	1
1	288	170	1
1	304	170	1
1	320	170	1
1	336	170	1
1	352	170	1
1	368	170	1
1	384	170	1
1	400	170	1
1	416	170	1
1	432	170	1
1	448	170	1
1	464	170	1
1	480	170	1
1	496	170	1
1	512	170	1
1	528	170	1
1	544	170	1
1	560	170	1
1	576	170	1
1	592	170	1
1	608	170	1
1	624	170	1
1	640	170	1
1	656	170	1
1	672	170	1

# WHIP
3	0	0	3

# --- SCENE PORTAL ----
# type	l	t	ani_set_id	r	b	scene_id
50	680	120	0	700	180	2

#map_width	#offset_y
[MAP_INFO]
758	22

[TILE_MAP]
0	1	1	1	1	1	2	2	0	1	1	1	3	4	5	2	2	2	2	2	6	7	8	9
10	11	10	10	10	10	12	12	10	11	10	10	13	14	15	16	16	16	17	18	19	20	21	22
11	23	11	11	11	11	11	11	11	23	11	11	24	25	25	25	25	25	26	27	28	29	30	31
32	33	23	32	32	23	32	23	32	33	23	32	34	27	35	27	27	27	36	37	28	38	39	40
41	42	43	44	44	45	44	45	44	42	43	44	46	47	48	47	49	50	51	52	53	54	55	56
37	37	37	37	37	37	37	37	37	37	37	37	37	37	37	37	37	37	37	37	37	37	37	37