[PLAYER]
# type	x	y	ani_set	nx	back_scene
0	705	160	0	-1	4
#0	55	60	0	-1	4

[OBJECTS]
# type	x	y	ani_set_id	row_index	col_index
# BRICK 
1	16	56	1	0	0	16	160
1	32	167	1	3	0	32	16
1	65	199	1	4	0	64	16
1	97	135	2	1	1	96	16
1	130	214	1	4	2	96	16
1	226	214	1	4	3	96	16
1	322	214	1	4	3	96	16
1	418	214	1	4	4	96	16
1	514	214	1	4	5	96	16
1	610	214	1	4	5	64	16
1	674	198	1	4	5	96	32
1	416	167	1	3	4	32	16
1	304	167	1	3	3	16	16

#Small candle	extra1: item, extra 2: state
2	730	167	2	3	7	12	1
2	666	183	2	3	6	10	1
2	602	183	2	3	6	44	1
2	538	183	2	3	5	82	1
2	474	183	2	3	4	10	1
2	410	183	2	3	4	10	1
2	346	183	2	3	3	10	1
2	282	183	2	3	2	10	1
2	218	183	2	3	2	10	1
2	154	103	2	2	1	4	1
2	90	167	2	1	0	10	1

#ITEMS
#Small heart
44	666	183	44	3	9
44	602	183	44	3	6
#Big heart
4	154	103	41	2	1
#Holy water
82	538	183	47	1	5
#Money bag red
10	474	183	46	3	4
10	474	183	46	3	4
10	410	183	46	3	4
10	346	183	46	3	3
10	282	183	46	3	2
10	218	183	46	3	2
10	154	103	46	2	1
#Money bag yellow 
12	730	167	26	3	7
#Meat
85	289	168	50	3	3

# Breakable, extra 1 =state, extra 2 = item
90	289	168	90	3	3	2	85

#Wall pieces
91	289	168	91	3	3
91	289	168	91	3	3
91	289	168	91	3	3
91	289	168	91	3	3

# Boomerang
71	538	183	71	3	5
#Holy water
72	538	183	72	3	5

#Point effect
92	150	190	92	3	3

#Hunch back
64	425	150	64	3	5
64	296	150	64	3	3
64	170	118	64	2	1

#Skeleton
65	35	132	65	2	0

#Bones
#69	60	135	69

#Ghost
66	720	180	66	3	6

# STAIR Bottom
-2	156	105	0	2	1	-1

# DOOR
# type	l	t	ani_set_id	r	b
#51	752	150	0	755	198

# --- SCENE PORTAL ----
# type	l	t	ani_set_id	g_row	g_col	r	b	scene_id
50	82	40	0	0	0	96	50	5

[MAP_INFO]
770	96	40

[TILE_MAP]
0	1	2	3	4	5	6	7	1	8	9	1	10	11	9	12	1	8	13	14	11	9	15	16
0	17	5	2	3	18	6	19	20	15	21	20	22	15	23	7	17	15	21	22	15	21	24	16
0	18	5	25	26	27	6	28	22	29	30	22	20	31	32	19	5	31	33	20	29	34	17	35
0	27	5	14	36	1	6	24	20	37	38	17	4	39	40	20	5	41	41	22	42	43	5	44
0	36	25	27	5	17	6	17	4	45	17	5	5	36	17	4	5	17	17	17	17	25	25	46
47	48	49	49	50	50	51	50	50	50	50	50	50	50	50	50	50	50	50	50	50	47	47	47