[PLAYER]
# type	x	y	ani_set_id
0	10	70	0
#0	464	120	0

[OBJECTS]
# type	x	y	ani_set_id	row_index	col_index
# BRICK
1	2	120	1	2	0	112	16
1	2	216	1	4	0	98	14
1	100	216	1	4	1	98	14
1	198	216	1	4	2	98	14
1	296	216	1	4	3	98	14
1	394	216	1	4	4	98	14
1	492	216	1	4	5	98	14
1	590	216	1	4	6	98	14
1	688	216	1	4	7	80	14
1	671	186	1	3	6	16	16
1	127	153	1	3	2	180	16
1	717	151	1	3	7	46	16
#Breakable 
90	689	185	90	3	7	1	-1

#Wall pieces
91	688	185	91	3	7
91	688	185	91	3	7
91	688	185	91	3	7
91	688	185	91	3	7

#Small candle	extra1: item, extra 2: state
2	40	152	2	3	0	4	1
2	90	90	2	1	0	44	1
2	163	121	2	2	1	44	1
2	220	90	2	1	2	83	1
2	284	182	2	3	2	44	1
2	348	152	2	3	3	84	1
2	412	182	2	3	4	44	1
2	476	182	2	3	4	44	1
2	540	152	2	3	5	4	1
2	604	182	2	3	6	44	1
2	668	152	2	3	6	44	1
2	732	152	2	3	7	4	1

#ITEMS
#BigHeart
4	40	152	41	3	0
4	540	152	41	3	5
4	732	152	41	3	7
#Small heart
44	90	90	44	1	0
44	163	121	44	2	1
44	284	182	44	3	2
44	412	182	44	3	4
44	476	182	44	3	4
44	604	182	44	3	6
44	668	152	44	3	6
#Invisibility
83	220	90	48	1	2
#Axe
84	348	150	49	3	3

#Axe
73	348	150	73	3	3

# Zombie
#63	30	180	63

# Phantom Bat
67	620	65	67	1	6

# STAIR bottom
-2	138	123	0	2	1	-1
-2	365	186	0	3	3	-1
-2	675	154	0	3	6	1

# STAIR top
-3	105	89	0	1	1	-1
-3	298	123	0	2	3	-1
-3	712	120	0	2	7	1


#Width	offset_y
[MAP_INFO]
775	192	40
[TILE_MAP]
0	0	1	2	0	1	3	0	1	4	5	6	0	7	1	6	0	7	1	6	0	8	3	9	10
0	2	11	0	0	11	12	0	11	13	2	0	1	7	11	6	1	7	11	6	1	4	12	9	10
14	15	15	16	17	11	12	0	11	18	0	0	11	0	11	0	11	0	11	3	11	18	12	19	10
4	0	1	5	20	15	14	15	15	16	17	0	11	0	11	0	11	0	11	2	11	21	22	23	10
18	0	11	0	3	11	2	11	2	5	24	17	11	0	11	0	11	0	11	0	11	25	26	9	10
14	14	27	14	14	27	14	27	14	14	14	20	27	14	27	14	27	14	27	14	27	14	14	28	10