[PLAYER]
# type	x	y	ani_set	nx	back_scene
0	38	120	0	-1	4
#0	84	200	0	-1	4

[OBJECTS]
# type	x	y	row_index	col_index

# BRICK
1	2	199	1	4	0	64	16
1	18	135	1	2	0	16	64
1	163	200	1	4	2	158	16
1	131	134	1	2	1	24	32
1	353	198	1	4	3	32	16
1	417	168	1	3	4	32	16
1	481	150	1	3	5	32	16
1	545	136	1	2	5	32	16
1	449	198	1	4	4	32	16
1	615	199	1	4	6	58	16
1	673	183	1	3	7	32	16
1	481	215	1	4	5	64	16
1	705	151	1	3	7	32	16
1	737	167	1	3	7	28	16

#Candle extra1: item, extra 2: state
2	158	112	2	2	1	4	1
2	220	172	2	3	2	44	1
2	300	172	2	3	3	44	1
2	380	172	2	3	3	10	1
2	418	142	2	2	4	10	1
2	473	190	2	3	4	44	1
2	533	190	2	3	5	10	1
2	600	180	2	3	6	84	1
2	727	127	2	2	7	11	1

# ITEMS
#BigHeart
4	155	112	41	2	1
#Small heart
44	220	172	44	3	2
44	300	172	44	3	3
44	473	190	44	3	4
#Money bag red
10	380	172	46	3	3
10	418	142	46	2	4
10	533	190	46	3	5
#Money bag purple
11	727	127	36	2	7
# Axe
84	600	180	49	3	6

# Boomerang
71	538	183	71	3	5
#Holy water
72	538	183	72	3	5

#Point effect
92	150	190	92	3	5

# Various Stair
-1	56	169	0	3	0	-1

#Stair top
-3	124	103	0	2	1	1
-3	409	136	0	2	4	1
-3	571	104	0	2	5	-1

#Stair bot
-2	377	167	0	3	3	1
-2	636	169	0	3	6	-1

#Raven
68	272	70	68	1	2
68	418	118	68	2	4
68	480	86	68	1	5
68	520	197	68	4	5

#Skeleton >>

# --- SCENE PORTAL ----
# type	l	t	ani_set_id	g_row	g_col	r	b	scene_id
50	758	110	0	2	7	765	142	6

[MAP_INFO]
775	96	40

[TILE_MAP]
0	1	2	3	4	5	6	6	7	7	6	6	6	6	6	6	6	6	6	6	6	7	7	8	9
0	10	11	12	13	14	6	6	15	16	17	6	6	6	18	19	7	7	7	20	21	22	23	24	9
0	10	3	25	26	27	28	29	30	31	32	33	6	7	34	35	36	37	38	39	40	41	42	43	44
0	10	45	46	47	48	49	50	51	52	53	54	55	56	57	58	59	60	61	62	63	42	64	65	66
0	67	68	69	70	71	72	73	74	75	76	77	78	79	80	81	82	83	31	84	85	86	87	88	9
89	90	91	92	93	94	95	96	96	97	98	99	100	101	102	103	104	105	106	99	96	100	107	108	109